0.542405   ,   0.0385754   ,   0.724937   ,   0.0814844
0.984832   ,   0.252083   ,   0.198706   ,   0.806543
0.0538041   ,   0.189276   ,   0.694021   ,   0.855342
0.0814234   ,   0.247688   ,   0.615711   ,   0.124638
0.524674   ,   0.153508   ,   0.654897   ,   0.307474
0.426801   ,   0.620319   ,   0.543992   ,   0.573321
0.0946684   ,   0.885372   ,   0.0983001   ,   0.472976
0.258797   ,   0.939085   ,   0.545366   ,   0.762047
0.891537   ,   0.195654   ,   0.0496231   ,   0.19187
0.232765   ,   0.779656   ,   0.974578   ,   0.727775
0.14655   ,   0.645558   ,   0.464034   ,   0.995025
0.125095   ,   0.656758   ,   0.96997   ,   0.0153508
0.931639   ,   0.909146   ,   0.727866   ,   0.647633
0.0801111   ,   0.455458   ,   0.530961   ,   0.691641
0.0470901   ,   0.921293   ,   0.679922   ,   0.174139
0.0587176   ,   0.664174   ,   0.692801   ,   0.0721152
0.336406   ,   0.150761   ,   0.372112   ,   0.274972
0.914701   ,   0.636341   ,   0.388623   ,   0.676626
0.398602   ,   0.569536   ,   0.0499588   ,   0.838923
0.432783   ,   0.42204   ,   0.809778   ,   0.556658
0.946165   ,   0.943022   ,   0.169561   ,   0.371227
0.837184   ,   0.540574   ,   0.0608234   ,   0.779504
0.534227   ,   0.57857   ,   0.310556   ,   0.232521
0.842097   ,   0.536454   ,   0.784478   ,   0.638234
0.693533   ,   0.255287   ,   0.21247   ,   0.231666
0.397687   ,   0.396954   ,   0.321909   ,   0.204596
0.259163   ,   0.350261   ,   0.484664   ,   0.971038
0.00433363   ,   0.0366222   ,   0.00915555   ,   0.281747
0.52559   ,   0.795251   ,   0.439863   ,   0.0228889
0.954802   ,   0.196509   ,   0.507859   ,   0.769219
0.398694   ,   0.0702841   ,   0.605945   ,   0.15183
0.241096   ,   0.389416   ,   0.758538   ,   0.046968
0.585559   ,   0.590747   ,   0.401074   ,   0.00924711
0.255135   ,   0.070925   ,   0.349803   ,   0.348582
0.684011   ,   0.197668   ,   0.842647   ,   0.64388
0.94528   ,   0.155889   ,   0.94232   ,   0.343242
0.435499   ,   0.644337   ,   0.62331   ,   0.414563
0.890225   ,   0.454329   ,   0.997284   ,   0.416517
0.00717185   ,   0.604297   ,   0.0534684   ,   0.0906705
0.940977   ,   0.697348   ,   0.562853   ,   0.545183
0.60155   ,   0.441298   ,   0.863552   ,   0.699271
0.786157   ,   0.684469   ,   0.386761   ,   0.337992
0.576678   ,   0.396527   ,   0.306406   ,   0.657521
0.14243   ,   0.835719   ,   0.284219   ,   0.876247
0.222327   ,   0.592212   ,   0.0267037   ,   0.535478
0.383007   ,   0.199591   ,   0.612568   ,   0.570025
0.00427259   ,   0.949461   ,   0.391186   ,   0.0539872
0.41792   ,   0.876003   ,   0.0186163   ,   0.465773
0.0822474   ,   0.391705   ,   0.0310373   ,   0.259987
0.659932   ,   0.987457   ,   0.455702   ,   0.426801
0.855098   ,   0.185308   ,   0.857936   ,   0.863338
0.0648518   ,   0.895718   ,   0.936766   ,   0.486587
0.81106   ,   0.57445   ,   0.401898   ,   0.0874355
0.662069   ,   0.442061   ,   0.727287   ,   0.565813
0.691488   ,   0.627338   ,   0.611591   ,   0.709403
0.802698   ,   0.708518   ,   0.808374   ,   0.778466
0.530137   ,   0.0496231   ,   0.875423   ,   0.864223
0.685629   ,   0.285562   ,   0.582598   ,   0.850551
0.142766   ,   0.260201   ,   0.595019   ,   0.293008
0.689505   ,   0.407636   ,   0.0790124   ,   0.864376
0.727897   ,   0.895321   ,   0.793176   ,   0.644917
0.777734   ,   0.710196   ,   0.462203   ,   0.746849
0.0310678   ,   0.728446   ,   0.590625   ,   0.828639
0.868679   ,   0.896054   ,   0.589435   ,   0.765618
0.64452   ,   0.393567   ,   0.569201   ,   0.871914
0.706565   ,   0.397412   ,   0.816065   ,   0.908322
0.0854518   ,   0.903867   ,   0.67275   ,   0.912534
0.551988   ,   0.308603   ,   0.343577   ,   0.521958
0.947905   ,   0.388104   ,   0.0102237   ,   0.440168
0.0587787   ,   0.570574   ,   0.267312   ,   0.107639
0.274972   ,   0.353557   ,   0.341563   ,   0.354015
0.145177   ,   0.733696   ,   0.232093   ,   0.823054
0.98178   ,   0.745354   ,   0.77102   ,   0.427717
0.619983   ,   0.736381   ,   0.371746   ,   0.169836
0.292245   ,   0.739433   ,   0.869869   ,   0.000854518
0.922483   ,   0.139317   ,   0.116855   ,   0.65746
0.367534   ,   0.200171   ,   0.725578   ,   0.773553
0.69454   ,   0.272591   ,   0.628925   ,   0.0637226
0.218635   ,   0.680441   ,   0.893948   ,   0.089816
0.155919   ,   0.91113   ,   0.18302   ,   0.385662
0.240547   ,   0.36784   ,   0.535569   ,   0.683889
0.521439   ,   0.517655   ,   0.902005   ,   0.807611
0.90228   ,   0.109378   ,   0.780084   ,   0.154088
0.106418   ,   0.907437   ,   0.965209   ,   0.142857
0.902646   ,   0.20307   ,   0.197363   ,   0.0484634
0.441725   ,   0.51796   ,   0.901547   ,   0.346141
0.0801111   ,   0.654836   ,   0.797418   ,   0.0185553
0.782098   ,   0.43852   ,   0.953398   ,   0.978423
0.171789   ,   0.687643   ,   0.848811   ,   0.647633
0.974395   ,   0.0904263   ,   0.890347   ,   0.0536515
0.775872   ,   0.0795618   ,   0.628712   ,   0.914151
0.870388   ,   0.0757775   ,   0.185461   ,   0.637471
0.210639   ,   0.0278024   ,   0.616932   ,   0.431715
0.456618   ,   0.355083   ,   0.264992   ,   0.0210578
0.00375378   ,   0.30723   ,   0.250649   ,   0.242592
0.750633   ,   0.697287   ,   0.7322   ,   0.391949
0.114048   ,   0.142674   ,   0.78811   ,   0.654012
0.404706   ,   0.394848   ,   0.170934   ,   0.781884
0.311136   ,   0.0678426   ,   0.713889   ,   0.0228278
0.992615   ,   0.675741   ,   0.480941   ,   0.826044
0.138432   ,   0.869442   ,   0.813837   ,   0.958831
0.634266   ,   0.761376   ,   0.0466323   ,   0.607227
0.550401   ,   0.0391247   ,   0.814203   ,   0.788232
0.98349   ,   0.416669   ,   0.239998   ,   0.422712
0.463424   ,   0.936125   ,   0.897885   ,   0.818384
0.214789   ,   0.0677511   ,   0.256508   ,   0.739464
0.300699   ,   0.164861   ,   0.269356   ,   0.135777
0.782159   ,   0.21128   ,   0.208014   ,   0.516526
0.34254   ,   0.116916   ,   0.229377   ,   0.0200812
0.480605   ,   0.591113   ,   0.846156   ,   0.00698874
0.60802   ,   0.118351   ,   0.874844   ,   0.748314
0.102512   ,   0.618275   ,   0.887692   ,   0.333872
0.984436   ,   0.580096   ,   0.844783   ,   0.902127
0.755821   ,   0.690298   ,   0.609272   ,   0.462264
0.150884   ,   0.731559   ,   0.0408948   ,   0.767907
0.456404   ,   0.915647   ,   0.173528   ,   0.0505081
0.711631   ,   0.669729   ,   0.183752   ,   0.63097
0.998749   ,   0.298502   ,   0.355907   ,   0.0241707
0.775506   ,   0.808863   ,   0.449263   ,   0.682424
0.641652   ,   0.378185   ,   0.185064   ,   0.969085
0.621204   ,   0.997497   ,   0.894467   ,   0.500443
0.946104   ,   0.772515   ,   0.623035   ,   0.706381
0.688162   ,   0.204413   ,   0.546342   ,   0.265938
0.289804   ,   0.170568   ,   0.911679   ,   0.822352
0.567156   ,   0.388256   ,   0.522599   ,   0.646626
0.290384   ,   0.181219   ,   0.730644   ,   0.597217
0.548235   ,   0.580981   ,   0.999329   ,   0.263619
0.712363   ,   0.195624   ,   0.969329   ,   0.844234
0.246437   ,   0.960143   ,   0.867428   ,   0.460067
0.546678   ,   0.190252   ,   0.840205   ,   0.748161
0.49263   ,   0.381726   ,   0.146672   ,   0.351604
0.952055   ,   0.303995   ,   0.374401   ,   0.0144963
0.66982   ,   0.120823   ,   0.284371   ,   0.476547
0.76516   ,   0.198157   ,   0.170965   ,   0.626484
0.623371   ,   0.0462355   ,   0.973754   ,   0.403882
0.445753   ,   0.771172   ,   0.741813   ,   0.383618
0.798761   ,   0.76104   ,   0.716605   ,   0.0276193
0.745537   ,   0.881039   ,   0.0308847   ,   0.288827
0.988922   ,   0.00177007   ,   0.645039   ,   0.596851
0.204627   ,   0.448622   ,   0.812708   ,   0.883877
0.629475   ,   0.426374   ,   0.735923   ,   0.432173
0.909818   ,   0.801538   ,   0.818171   ,   0.931547
0.591296   ,   0.461348   ,   0.124638   ,   0.382977
0.918393   ,   0.494858   ,   0.718894   ,   0.533128
0.505539   ,   0.749382   ,   0.375072   ,   0.0100711
0.489395   ,   0.238502   ,   0.649831   ,   0.974242
0.449721   ,   0.559404   ,   0.915433   ,   0.8652
0.88934   ,   0.0927458   ,   0.889676   ,   0.437422
0.940397   ,   0.922025   ,   0.0321665   ,   0.699637
0.182928   ,   0.893826   ,   0.773492   ,   0.332957
0.251961   ,   0.857021   ,   0.448866   ,   0.602344
0.203009   ,   0.0596332   ,   0.00756859   ,   0.49855
0.730491   ,   0.49089   ,   0.228614   ,   0.559618
0.94113   ,   0.632038   ,   0.41847   ,   0.0390027
0.62508   ,   0.747215   ,   0.15659   ,   0.378216
0.0413526   ,   0.756066   ,   0.919034   ,   0.233039
0.641346   ,   0.255745   ,   0.501694   ,   0.937346
0.0345164   ,   0.909909   ,   0.242866   ,   0.859523
0.556352   ,   0.791986   ,   0.754479   ,   0.96411
0.544481   ,   0.199622   ,   0.906522   ,   0.608814
0.446333   ,   0.552843   ,   0.213477   ,   0.583972
0.0613727   ,   0.0512406   ,   0.0321055   ,   0.0764489
0.996033   ,   0.522172   ,   0.771172   ,   0.407025
0.12775   ,   0.790368   ,   0.228248   ,   0.305307
0.600909   ,   0.704154   ,   0.556597   ,   0.498581
0.0503555   ,   0.0240486   ,   0.806391   ,   0.0800501
0.172796   ,   0.731742   ,   0.852016   ,   0.874783
0.660237   ,   0.553362   ,   0.331614   ,   0.30427
0.332438   ,   0.914212   ,   0.538926   ,   0.781518
0.315958   ,   0.875546   ,   0.991791   ,   0.93289
0.653584   ,   0.79693   ,   0.86935   ,   0.588427
0.410535   ,   0.305429   ,   0.64687   ,   0.216224
0.427503   ,   0.39494   ,   0.227729   ,   0.279305
0.221625   ,   0.481887   ,   0.812799   ,   0.560717
0.678518   ,   0.0525834   ,   0.371044   ,   0.874416
0.166448   ,   0.651967   ,   0.366894   ,   0.250069
0.497543   ,   0.000854518   ,   0.0349742   ,   0.301401
0.507645   ,   0.768578   ,   0.561296   ,   0.727134
0.802728   ,   0.756188   ,   0.39787   ,   0.866604
0.435072   ,   0.219733   ,   0.119785   ,   0.231086
0.00451674   ,   0.154759   ,   0.324931   ,   0.19071
0.339488   ,   0.0575274   ,   0.899014   ,   0.446791
0.375896   ,   0.670614   ,   0.201483   ,   0.890347
0.128574   ,   0.0326853   ,   0.940184   ,   0.574328
0.827326   ,   0.345866   ,   0.125065   ,   0.028779
0.733299   ,   0.697867   ,   0.84933   ,   0.995239
0.89114   ,   0.798151   ,   0.893948   ,   0.0592364
0.64333   ,   0.436262   ,   0.44557   ,   0.61919
0.650594   ,   0.981719   ,   0.222114   ,   0.256935
0.514481   ,   0.635548   ,   0.634754   ,   0.169836
0.73397   ,   0.295297   ,   0.560076   ,   0.116123
0.737175   ,   0.476974   ,   0.624043   ,   0.231483
0.957091   ,   0.874355   ,   0.423658   ,   0.494888
0.465835   ,   0.0792871   ,   0.01648   ,   0.959807
0.363262   ,   0.100986   ,   0.864132   ,   0.0492874
0.112186   ,   0.143223   ,   0.139622   ,   0.0796228
0.90466   ,   0.14301   ,   0.267403   ,   0.337657
0.821223   ,   0.917997   ,   0.291971   ,   0.279733
0.454787   ,   0.308725   ,   0.681661   ,   0.515549
0.108676   ,   0.373821   ,   0.561449   ,   0.490555
0.412275   ,   0.898038   ,   0.604572   ,   0.418592
0.924711   ,   0.484359   ,   0.353984   ,   0.608295
0.601062   ,   0.326456   ,   0.361248   ,   0.776757
0.292154   ,   0.537492   ,   0.668111   ,   0.0836512
0.475753   ,   0.570788   ,   0.976043   ,   0.151189
0.401654   ,   0.336528   ,   0.22364   ,   0.207923
0.951323   ,   0.348155   ,   0.895779   ,   0.087344
0.548357   ,   0.169225   ,   0.346965   ,   0.31727
0.834925   ,   0.29017   ,   0.95352   ,   0.471816
0.794427   ,   0.219275   ,   0.66512   ,   0.629139
0.80166   ,   0.922819   ,   0.201666   ,   0.332774
0.592853   ,   0.739677   ,   0.282357   ,   0.0793176
0.870083   ,   0.807001   ,   0.355449   ,   0.614521
0.318064   ,   0.650441   ,   0.531999   ,   0.142827
0.939177   ,   0.686697   ,   0.290994   ,   0.280709
0.267922   ,   0.270089   ,   0.219977   ,   0.824976
0.943327   ,   0.766869   ,   0.0996124   ,   0.43907
0.718772   ,   0.0644246   ,   0.106723   ,   0.994415
0.127628   ,   0.721763   ,   0.709342   ,   0.220954
0.774895   ,   0.859066   ,   0.843806   ,   0.107334
0.472884   ,   0.341563   ,   0.671865   ,   0.518998
0.175909   ,   0.0443739   ,   0.819147   ,   0.264595
0.0266732   ,   0.484298   ,   0.005768   ,   0.00735496
0.0416272   ,   0.0207831   ,   0.491348   ,   0.57625
0.454787   ,   0.838191   ,   0.604633   ,   0.770562
0.8623   ,   0.618519   ,   0.935331   ,   0.107517
0.136113   ,   0.540574   ,   0.290628   ,   0.969207
0.0144658   ,   0.604053   ,   0.605823   ,   0.369427
0.212775   ,   0.568682   ,   0.74691   ,   0.903989
0.818537   ,   0.777367   ,   0.873836   ,   0.521714
0.797204   ,   0.640034   ,   0.912229   ,   0.222663
0.779656   ,   0.696738   ,   0.830103   ,   0.302622
0.658498   ,   0.759941   ,   0.605914   ,   0.478469
0.298746   ,   0.868007   ,   0.30488   ,   0.310617
0.781426   ,   0.157994   ,   0.784234   ,   0.414411
0.921506   ,   0.423505   ,   0.150121   ,   0.764733
0.842128   ,   0.786462   ,   0.542619   ,   0.841609
0.242622   ,   0.021424   ,   0.689047   ,   0.389111
0.498764   ,   0.438368   ,   0.394635   ,   0.427473
0.023011   ,   0.0421461   ,   0.993194   ,   0.724174
0.0757164   ,   0.506302   ,   0.101932   ,   0.734916
0.0308847   ,   0.269265   ,   0.411603   ,   0.0914029
0.356212   ,   0.0682699   ,   0.0274361   ,   0.0817286
0.715323   ,   0.24485   ,   0.687429   ,   0.753075
0.409803   ,   0.982055   ,   0.258889   ,   0.84698
0.180425   ,   0.506455   ,   0.169012   ,   0.637806
0.297922   ,   0.615528   ,   0.228645   ,   0.35963
0.182104   ,   0.0710166   ,   0.189001   ,   0.475021
0.744896   ,   0.367504   ,   0.862209   ,   0.0943938
0.134739   ,   0.955535   ,   0.763298   ,   0.415296
0.0582293   ,   0.860073   ,   0.0476089   ,   0.18836
0.52562   ,   0.337474   ,   0.48323   ,   0.34312
0.358867   ,   0.24189   ,   0.0561541   ,   0.913388
0.806726   ,   0.289529   ,   0.961241   ,   0.229316
0.158818   ,   0.0509659   ,   0.084994   ,   0.310312
0.899869   ,   0.992706   ,   0.565477   ,   0.154271
0.131809   ,   0.17246   ,   0.962554   ,   0.341533
0.0292367   ,   0.0689108   ,   0.573901   ,   0.182287
0.181433   ,   0.22013   ,   0.878658   ,   0.272286
0.818079   ,   0.300912   ,   0.408704   ,   0.205939
0.249214   ,   0.786859   ,   0.40315   ,   0.17246
0.570696   ,   0.649617   ,   0.413495   ,   0.335276
0.346904   ,   0.0836818   ,   0.658528   ,   0.0654317
0.539933   ,   0.262764   ,   0.823359   ,   0.501907
0.664907   ,   0.136479   ,   0.945189   ,   0.963683
0.870754   ,   0.217536   ,   0.28312   ,   0.809259
0.932524   ,   0.562578   ,   0.00222785   ,   0.446455
0.94528   ,   0.178259   ,   0.61626   ,   0.912992
0.105197   ,   0.632282   ,   0.04944   ,   0.179266
0.153233   ,   0.106906   ,   0.656056   ,   0.481918
0.55797   ,   0.453719   ,   0.421949   ,   0.472091
0.800256   ,   0.758843   ,   0.954497   ,   0.69924
0.895138   ,   0.333811   ,   0.603961   ,   0.248604
0.072512   ,   0.0574053   ,   0.200873   ,   0.936705
0.872311   ,   0.28251   ,   0.41438   ,   0.277444
0.822413   ,   0.694296   ,   0.340556   ,   0.299539
0.388287   ,   0.873257   ,   0.623127   ,   0.822443
0.548784   ,   0.567583   ,   0.808405   ,   0.819636
0.671957   ,   0.868496   ,   0.00485244   ,   0.629902
0.450942   ,   0.0812098   ,   0.105258   ,   0.795068
0.281381   ,   0.795404   ,   0.394421   ,   0.00720237
0.949461   ,   0.999664   ,   0.276864   ,   0.260964
0.982147   ,   0.634999   ,   0.316782   ,   0.289529
0.72805   ,   0.618854   ,   0.824244   ,   0.952971
0.594806   ,   0.594775   ,   0.853511   ,   0.859462
0.272378   ,   0.593127   ,   0.311533   ,   0.517441
0.131962   ,   0.19425   ,   0.197668   ,   0.707511
0.197943   ,   0.978881   ,   0.564684   ,   0.256172
0.600513   ,   0.231513   ,   0.469069   ,   0.921049
0.48735   ,   0.0422987   ,   0.995117   ,   0.491256
0.355327   ,   0.239051   ,   0.433241   ,   0.0935392
0.229926   ,   0.255135   ,   0.36848   ,   0.825983
0.478439   ,   0.406812   ,   0.418775   ,   0.076693
0.691794   ,   0.794946   ,   0.384869   ,   0.282632
0.948149   ,   0.272469   ,   0.580432   ,   0.383862
0.671133   ,   0.900052   ,   0.877743   ,   0.643269
0.982574   ,   0.379437   ,   0.337413   ,   0.515091
0.237526   ,   0.727561   ,   0.393384   ,   0.431532
0.513565   ,   0.206488   ,   0.951048   ,   0.140721
0.235817   ,   0.0529496   ,   0.50914   ,   0.974975
0.0746178   ,   0.251686   ,   0.148686   ,   0.569506
0.00518815   ,   0.820643   ,   0.247383   ,   0.264931
0.914792   ,   0.508774   ,   0.111576   ,   0.111454
0.411664   ,   0.268715   ,   0.102023   ,   0.267129
0.755333   ,   0.987945   ,   0.689505   ,   0.733451
0.187658   ,   0.916532   ,   0.826441   ,   0.977477
0.101718   ,   0.121738   ,   0.490738   ,   0.487899
0.423139   ,   0.284433   ,   0.453749   ,   0.214911
0.677938   ,   0.706961   ,   0.653432   ,   0.801202
0.527421   ,   0.470931   ,   0.4185   ,   0.612903
0.824213   ,   0.294748   ,   0.639912   ,   0.348521
0.837184   ,   0.344646   ,   0.0992157   ,   0.48262
0.271493   ,   0.525101   ,   0.830592   ,   0.998505
0.499496   ,   0.811121   ,   0.368633   ,   0.373669
0.870449   ,   0.517228   ,   0.877957   ,   0.947996
0.148991   ,   0.0673238   ,   0.520035   ,   0.220618
0.970794   ,   0.829218   ,   0.962279   ,   0.630268
0.538377   ,   0.554399   ,   0.394696   ,   0.575701
0.220679   ,   0.103641   ,   0.7257   ,   0.145543
0.066744   ,   0.509568   ,   0.630604   ,   0.929899
0.204627   ,   0.946684   ,   0.374126   ,   0.45793
0.197729   ,   0.723106   ,   0.81341   ,   0.642323
0.192907   ,   0.473922   ,   0.852565   ,   0.0486465
0.19953   ,   0.451308   ,   0.0639363   ,   0.655751
0.956786   ,   0.918882   ,   0.743584   ,   0.742393
0.593493   ,   0.548845   ,   0.362377   ,   0.0999786
0.738792   ,   0.365276   ,   0.235603   ,   0.650746
0.294382   ,   0.884365   ,   0.818964   ,   0.199591
0.67983   ,   0.659719   ,   0.783715   ,   0.234352
0.786126   ,   0.122532   ,   0.273934   ,   0.732139
0.921323   ,   0.507401   ,   0.563219   ,   0.994537
0.928434   ,   0.11243   ,   0.174718   ,   0.754112
0.844325   ,   0.279794   ,   0.124241   ,   0.893307
0.25898   ,   0.546464   ,   0.757103   ,   0.547655
0.105441   ,   0.791284   ,   0.4138   ,   0.891781
0.0618915   ,   0.369182   ,   0.279427   ,   0.868862
0.903775   ,   0.858119   ,   0.170965   ,   0.615955
0.14832   ,   0.744346   ,   0.544206   ,   0.719901
0.892758   ,   0.463851   ,   0.241249   ,   0.731071
0.359416   ,   0.359661   ,   0.318613   ,   0.151921
0.956694   ,   0.442091   ,   0.225074   ,   0.756218
0.381573   ,   0.585925   ,   0.65804   ,   0.152776
0.331462   ,   0.37904   ,   0.698416   ,   0.404736
0.684561   ,   0.632038   ,   0.670247   ,   0.61449
0.887539   ,   0.557604   ,   0.64333   ,   0.716788
0.380108   ,   0.482589   ,   0.056032   ,   0.829981
0.433271   ,   0.836665   ,   0.329508   ,   0.886044
0.674642   ,   0.185705   ,   0.952239   ,   0.0637226
0.267098   ,   0.00970489   ,   0.320688   ,   0.394757
0.482833   ,   0.109256   ,   0.307627   ,   0.603626
0.527848   ,   0.0406201   ,   0.162969   ,   0.488083
0.802057   ,   0.221778   ,   0.368542   ,   0.451369
0.794122   ,   0.255959   ,   0.276437   ,   0.761803
0.74633   ,   0.410291   ,   0.961119   ,   0.578784
0.486679   ,   0.707602   ,   0.236213   ,   0.335734
0.827784   ,   0.442732   ,   0.260811   ,   0.583056
0.559038   ,   0.133061   ,   0.624836   ,   0.360332
0.278787   ,   0.544053   ,   0.756035   ,   0.749748
0.347179   ,   0.856777   ,   0.582812   ,   0.0814539
0.0541398   ,   0.806635   ,   0.271004   ,   0.095645
0.911252   ,   0.218268   ,   0.712149   ,   0.99707
0.762902   ,   0.923826   ,   0.337901   ,   0.0444655
0.36848   ,   0.313364   ,   0.714133   ,   0.39668
0.282388   ,   0.143223   ,   0.0215766   ,   0.108188
0.211249   ,   0.606861   ,   0.700552   ,   0.41496
0.324564   ,   0.0102847   ,   0.630696   ,   0.433912
0.0501419   ,   0.955565   ,   0.126377   ,   0.269723
0.881619   ,   0.537248   ,   0.719871   ,   0.453017
0.248817   ,   0.386883   ,   0.380902   ,   0.224982
0.403821   ,   0.0123905   ,   0.523942   ,   0.26133
0.144871   ,   0.237068   ,   0.864132   ,   0.641743
0.875271   ,   0.885708   ,   0.591937   ,   0.893094
0.608112   ,   0.592456   ,   0.495163   ,   0.878964
0.783654   ,   0.152593   ,   0.0307932   ,   0.449324
0.196844   ,   0.016541   ,   0.671773   ,   0.411695
0.451704   ,   0.535203   ,   0.553484   ,   0.232063
0.761773   ,   0.916715   ,   0.34959   ,   0.964415
0.433332   ,   0.65273   ,   0.572588   ,   0.739372
0.636464   ,   0.224464   ,   0.764275   ,   0.341716
0.804559   ,   0.40556   ,   0.0226447   ,   0.723045
0.174444   ,   0.965819   ,   0.000640889   ,   0.603381
0.322672   ,   0.0970794   ,   0.546953   ,   0.621448
0.963195   ,   0.399579   ,   0.74807   ,   0.894223
0.709403   ,   0.506119   ,   0.282235   ,   0.682485
0.197546   ,   0.335307   ,   0.794031   ,   0.235633
0.86288   ,   0.32841   ,   0.835231   ,   0.108798
0.0473037   ,   0.625416   ,   0.723808   ,   0.531663
0.743217   ,   0.250771   ,   0.296457   ,   0.715506
0.0360424   ,   0.289956   ,   0.538652   ,   0.567949
0.130833   ,   0.533525   ,   0.405591   ,   0.0151067
0.0823695   ,   0.898679   ,   0.101779   ,   0.51091
0.55269   ,   0.478072   ,   0.389386   ,   0.458449
0.568957   ,   0.328166   ,   0.0967132   ,   0.970855
0.533006   ,   0.674581   ,   0.668203   ,   0.889645
0.218879   ,   0.460341   ,   0.16184   ,   0.702384
0.0771813   ,   0.582751   ,   0.690939   ,   0.245827
0.304605   ,   0.412763   ,   0.670766   ,   0.103549
0.0644551   ,   0.9223   ,   0.738517   ,   0.266671
0.411267   ,   0.120975   ,   0.888241   ,   0.466292
0.133702   ,   0.664724   ,   0.756584   ,   0.606769
0.0490738   ,   0.0517289   ,   0.773125   ,   0.576861
0.386181   ,   0.187353   ,   0.027253   ,   0.862514
0.116642   ,   0.990875   ,   0.320139   ,   0.592669
0.998169   ,   0.427198   ,   0.308329   ,   0.603351
0.739921   ,   0.643422   ,   0.144963   ,   0.580523
0.0408338   ,   0.721427   ,   0.525925   ,   0.282998
0.00439467   ,   0.900754   ,   0.327219   ,   0.788629
0.680258   ,   0.842952   ,   0.740715   ,   0.387158
0.95642   ,   0.915342   ,   0.598498   ,   0.881619
0.706626   ,   0.482986   ,   0.579547   ,   0.119541
0.750877   ,   0.479812   ,   0.925871   ,   0.967956
0.141087   ,   0.7275   ,   0.660451   ,   0.057741
0.678274   ,   0.757714   ,   0.709799   ,   0.418043
0.612751   ,   0.383953   ,   0.581286   ,   0.343852
0.662984   ,   0.744621   ,   0.0717795   ,   0.358562
0.976012   ,   0.273995   ,   0.294748   ,   0.0019837
0.0711081   ,   0.362896   ,   0.0146184   ,   0.317057
0.907407   ,   0.0312204   ,   0.772179   ,   0.211554
0.861324   ,   0.82226   ,   0.997436   ,   0.781854
0.628498   ,   0.757897   ,   0.579547   ,   0.490768
0.889004   ,   0.434675   ,   0.305246   ,   0.0611286
0.575152   ,   0.224281   ,   0.475112   ,   0.889004
0.152196   ,   0.082461   ,   0.134953   ,   0.397595
0.898618   ,   0.265725   ,   0.51561   ,   0.56859
0.573901   ,   0.62569   ,   0.187231   ,   0.445235
0.262947   ,   0.767266   ,   0.549577   ,   0.706565
0.175481   ,   0.326151   ,   0.377239   ,   0.56856
0.625294   ,   0.254707   ,   0.510941   ,   0.585101
0.834315   ,   0.48497   ,   0.677328   ,   0.60622
0.670278   ,   0.751885   ,   0.723258   ,   0.195532
0.858638   ,   0.561937   ,   0.707663   ,   0.375225
0.448531   ,   0.347911   ,   0.615802   ,   0.776025
0.982971   ,   0.69631   ,   0.123356   ,   0.90582
0.660115   ,   0.967132   ,   0.956969   ,   0.564287
0.708762   ,   0.401685   ,   0.730644   ,   0.812098
0.0582293   ,   0.272683   ,   0.0563677   ,   0.798883
0.815973   ,   0.888882   ,   0.227943   ,   0.948241
0.74691   ,   0.592364   ,   0.498825   ,   0.770165
0.974151   ,   0.606616   ,   0.133671   ,   0.197119
0.835353   ,   0.347362   ,   0.973937   ,   0.629994
0.314127   ,   0.801416   ,   0.456679   ,   0.513932
0.117649   ,   0.829768   ,   0.784631   ,   0.843318
0.205512   ,   0.814997   ,   0.612232   ,   0.825129
0.291787   ,   0.423414   ,   0.774712   ,   0.729179
0.947783   ,   0.0812708   ,   0.612598   ,   0.690634
0.842494   ,   0.632405   ,   0.839381   ,   0.618732
0.249763   ,   0.982543   ,   0.288766   ,   0.396527
0.215918   ,   0.688681   ,   0.998047   ,   0.878384
0.866176   ,   0.499283   ,   0.857631   ,   0.982788
0.430891   ,   0.184271   ,   0.337809   ,   0.532884
0.205725   ,   0.567278   ,   0.157292   ,   0.252998
0.928739   ,   0.23838   ,   0.1077   ,   0.600055
0.753319   ,   0.861995   ,   0.96292   ,   0.680776
0.389996   ,   0.288919   ,   0.978851   ,   0.640797
0.374737   ,   0.989563   ,   0.584399   ,   0.950682
0.55797   ,   0.819941   ,   0.113834   ,   0.562243
0.630726   ,   0.402509   ,   0.0684835   ,   0.27131
0.941069   ,   0.321726   ,   0.330943   ,   0.510178
0.736259   ,   0.398663   ,   0.398236   ,   0.202643
0.736045   ,   0.657582   ,   0.43086   ,   0.875973
0.388714   ,   0.930876   ,   0.734428   ,   0.169866
0.550188   ,   0.903867   ,   0.804559   ,   0.149022
0.980224   ,   0.277688   ,   0.596698   ,   0.722098
0.627979   ,   0.763665   ,   0.878109   ,   0.691519
0.327677   ,   0.525712   ,   0.563677   ,   0.55681
0.430036   ,   0.952269   ,   0.907346   ,   0.62215
0.627338   ,   0.91702   ,   0.205908   ,   0.99646
0.695669   ,   0.642445   ,   0.229225   ,   0.999939
0.490127   ,   0.0479141   ,   0.179113   ,   0.598193
0.668386   ,   0.263558   ,   0.439406   ,   0.513932
0.268349   ,   0.288644   ,   0.320383   ,   0.525193
0.10474   ,   0.792474   ,   0.216773   ,   0.0456862
0.0651875   ,   0.258065   ,   0.834742   ,   0.832636
0.139775   ,   0.287027   ,   0.783685   ,   0.892666
0.453963   ,   0.351909   ,   0.856136   ,   0.551103
0.180273   ,   0.914396   ,   0.398053   ,   0.256996
0.646504   ,   0.818476   ,   0.44319   ,   0.00534074
0.856777   ,   0.243385   ,   0.948759   ,   0.933287
0.266091   ,   0.322153   ,   0.0477004   ,   0.817499
0.817591   ,   0.229835   ,   0.788415   ,   0.099826
0.624897   ,   0.96118   ,   0.300607   ,   0.130833
0.916807   ,   0.245491   ,   0.519486   ,   0.854488
0.102268   ,   0.933592   ,   0.220954   ,   0.381603
0.254189   ,   0.817988   ,   0.668691   ,   0.762322
0.497147   ,   0.103397   ,   0.289682   ,   0.0652486
0.701132   ,   0.577258   ,   0.17246   ,   0.326548
0.704123   ,   0.227363   ,   0.872219   ,   0.0161748
0.109592   ,   0.375958   ,   0.472335   ,   0.0751061
0.37199   ,   0.191412   ,   0.842799   ,   0.369823
0.481796   ,   0.787103   ,   0.911771   ,   0.00625629
0.961028   ,   0.896725   ,   0.585284   ,   0.23011
0.0988495   ,   0.309244   ,   0.159307   ,   0.574602
0.454512   ,   0.0541704   ,   0.446028   ,   0.746452
0.093173   ,   0.752037   ,   0.682028   ,   0.354686
0.520737   ,   0.719291   ,   0.817835   ,   0.439406
0.325968   ,   0.558489   ,   0.982055   ,   0.11475
0.790521   ,   0.547929   ,   0.965453   ,   0.826991
0.824152   ,   0.368603   ,   0.51445   ,   0.394757
0.737815   ,   0.109409   ,   0.0879849   ,   0.319865
0.563952   ,   0.0688803   ,   0.0507218   ,   0.934294
0.597156   ,   0.538682   ,   0.205206   ,   0.787622
0.564379   ,   0.644215   ,   0.792901   ,   0.141362
0.872707   ,   0.249855   ,   0.845363   ,   0.655477
0.584765   ,   0.612903   ,   0.242958   ,   0.818323
0.236396   ,   0.643483   ,   0.880825   ,   0.420759
0.321604   ,   0.713828   ,   0.488357   ,   0.220923
0.234077   ,   0.953703   ,   0.563005   ,   0.856777
0.626789   ,   0.570269   ,   0.765862   ,   0.763573
0.655416   ,   0.145116   ,   0.0208747   ,   0.330424
0.657826   ,   0.347331   ,   0.732933   ,   0.0779443
0.76043   ,   0.858425   ,   0.461959   ,   0.0606708
0.499619   ,   0.778283   ,   0.290139   ,   0.227088
0.51149   ,   0.740898   ,   0.427045   ,   0.51265
0.175542   ,   0.941862   ,   0.649556   ,   0.416333
0.419874   ,   0.806421   ,   0.0898465   ,   0.579913
0.470992   ,   0.108798   ,   0.92346   ,   0.498093
0.984375   ,   0.118168   ,   0.0250557   ,   0.918729
0.88702   ,   0.0253914   ,   0.2154   ,   0.425611
0.0221564   ,   0.942564   ,   0.752068   ,   0.215339
0.0732749   ,   0.440321   ,   0.539201   ,   0.564867
0.0925932   ,   0.202826   ,   0.325846   ,   0.910459
0.389386   ,   0.637501   ,   0.0036317   ,   0.540422
0.317179   ,   0.197699   ,   0.911191   ,   0.603076
0.932279   ,   0.332133   ,   0.703177   ,   0.199377
0.832331   ,   0.760674   ,   0.27134   ,   0.631306
0.573504   ,   0.648976   ,   0.77102   ,   0.451796
0.494186   ,   0.954009   ,   0.0495315   ,   0.805231
0.394696   ,   0.153966   ,   0.211035   ,   0.309519
0.919736   ,   0.634114   ,   0.246345   ,   0.57503
0.521958   ,   0.177648   ,   0.547166   ,   0.526749
0.112613   ,   0.422834   ,   0.0256661   ,   0.676321
0.860958   ,   0.0769066   ,   0.143895   ,   0.964995
0.41792   ,   0.394513   ,   0.537584   ,   0.132542
0.752831   ,   0.756035   ,   0.38258   ,   0.292306
0.995727   ,   0.767052   ,   0.456465   ,   0.0362255
0.228828   ,   0.83166   ,   0.847163   ,   0.00344859
0.0301828   ,   0.692007   ,   0.021363   ,   0.398663
0.465346   ,   0.406995   ,   0.410535   ,   0.14011
0.118381   ,   0.498489   ,   0.155431   ,   0.181097
0.355449   ,   0.640919   ,   0.739799   ,   0.623035
0.340251   ,   0.0835292   ,   0.361003   ,   0.0200201
0.943968   ,   0.284127   ,   0.379894   ,   0.908261
0.0204169   ,   0.182318   ,   0.15952   ,   0.763329
0.942259   ,   0.231635   ,   0.360057   ,   0.867061
0.781213   ,   0.621235   ,   0.495132   ,   0.364971
0.776666   ,   0.0326853   ,   0.315073   ,   0.495956
0.776269   ,   0.979034   ,   0.374584   ,   0.571856
0.750725   ,   0.33372   ,   0.553392   ,   0.408032
0.614124   ,   0.981017   ,   0.698416   ,   0.797266
0.0440382   ,   0.527421   ,   0.458937   ,   0.168065
0.0528275   ,   0.0556963   ,   0.37141   ,   0.244362
0.554033   ,   0.571245   ,   0.209418   ,   0.536637
0.697684   ,   0.414228   ,   0.995788   ,   0.334208
0.135319   ,   0.143803   ,   0.155156   ,   0.705008
0.286416   ,   0.39787   ,   0.363445   ,   0.442183
0.731437   ,   0.152532   ,   0.454054   ,   0.761681
0.330088   ,   0.302286   ,   0.21128   ,   0.471236
0.347697   ,   0.218574   ,   0.826594   ,   0.0546281
0.509781   ,   0.0524003   ,   0.897244   ,   0.519211
0.911466   ,   0.265267   ,   0.702658   ,   0.928129
0.944639   ,   0.596301   ,   0.433149   ,   0.453352
0.924955   ,   0.855953   ,   0.70513   ,   0.64272
0.861324   ,   0.334056   ,   0.28724   ,   0.216468
0.570208   ,   0.582995   ,   0.481124   ,   0.258553
0.939726   ,   0.922605   ,   0.176   ,   0.775231
0.691763   ,   0.735954   ,   0.470199   ,   0.997223
0.30665   ,   0.025605   ,   0.325846   ,   0.413312
0.990905   ,   0.789148   ,   0.420667   ,   0.225013
0.425123   ,   0.63567   ,   0.021485   ,   0.191229
0.940306   ,   0.0807215   ,   0.451369   ,   0.843867
0.604694   ,   0.10358   ,   0.300119   ,   0.46617
0.491043   ,   0.524888   ,   0.332377   ,   0.657002
0.165624   ,   0.599536   ,   0.018952   ,   0.0162358
0.724601   ,   0.43556   ,   0.551927   ,   0.32841
0.0489517   ,   0.0206   ,   0.8464   ,   0.166906
0.323466   ,   0.667196   ,   0.768761   ,   0.991943
0.502762   ,   0.97879   ,   0.626911   ,   0.99884
0.219581   ,   0.420331   ,   0.549272   ,   0.52208
0.0154424   ,   0.0756859   ,   0.674032   ,   0.851222
0.157414   ,   0.342967   ,   0.977142   ,   0.0748009
0.53679   ,   0.820856   ,   0.47673   ,   0.547899
0.300851   ,   0.108097   ,   0.928495   ,   0.866482
0.848689   ,   0.903592   ,   0.689627   ,   0.688803
0.545946   ,   0.586047   ,   0.652364   ,   0.41258
0.349345   ,   0.710379   ,   0.740196   ,   0.594256
0.00122074   ,   0.186926   ,   0.905454   ,   0.714347
0.11652   ,   0.61446   ,   0.552629   ,   0.686483
0.285775   ,   0.0427564   ,   0.394513   ,   0.290078
0.54857   ,   0.277047   ,   0.381268   ,   0.867946
0.000793481   ,   0.560991   ,   0.795556   ,   0.622059
0.765679   ,   0.615528   ,   0.194281   ,   0.435255
0.0763878   ,   0.632832   ,   0.277779   ,   0.653371
0.91757   ,   0.838588   ,   0.0744041   ,   0.873043
0.806055   ,   0.547472   ,   0.384533   ,   0.550493
0.208747   ,   0.6451   ,   0.33018   ,   0.133061
0.383618   ,   0.571337   ,   0.436964   ,   0.166967
0.44789   ,   0.959075   ,   0.0698874   ,   0.340922
0.775018   ,   0.325419   ,   0.457289   ,   0.630329
0.874081   ,   0.0511795   ,   0.498642   ,   0.913938
0.915128   ,   0.658437   ,   0.0780053   ,   0.35139
0.44322   ,   0.19718   ,   0.697653   ,   0.855403
0.647877   ,   0.51854   ,   0.0673849   ,   0.921995
0.0149236   ,   0.960143   ,   0.274117   ,   0.494736
0.206488   ,   0.834071   ,   0.676351   ,   0.358715
0.545885   ,   0.869716   ,   0.992035   ,   0.820338
0.908109   ,   0.530076   ,   0.209906   ,   0.373943
0.812769   ,   0.527696   ,   0.365581   ,   0.100497
0.227973   ,   0.256355   ,   0.0578936   ,   0.650685
0.785516   ,   0.432722   ,   0.240699   ,   0.634327
0.630696   ,   0.736015   ,   0.19953   ,   0.809595
0.260079   ,   0.0707114   ,   0.441572   ,   0.318705
0.222266   ,   0.607746   ,   0.939451   ,   0.946074
0.249031   ,   0.048677   ,   0.535295   ,   0.322123
0.535691   ,   0.0439772   ,   0.695669   ,   0.752922
0.75396   ,   0.181158   ,   0.221747   ,   0.282907
0.826777   ,   0.667348   ,   0.568651   ,   0.227424
0.0384228   ,   0.214484   ,   0.412275   ,   0.286111
0.774743   ,   0.959899   ,   0.749443   ,   0.446516
0.96704   ,   0.851741   ,   0.0707114   ,   0.416272
0.14127   ,   0.426435   ,   0.797571   ,   0.272652
0.00128178   ,   0.548753   ,   0.97821   ,   0.550554
0.864193   ,   0.351054   ,   0.553453   ,   0.243721
0.672781   ,   0.810846   ,   0.374096   ,   0.879971
0.377087   ,   0.208014   ,   0.0791345   ,   0.434828
0.408582   ,   0.0574664   ,   0.544542   ,   0.046968
0.776757   ,   0.774163   ,   0.662038   ,   0.877865
0.0962554   ,   0.164342   ,   0.502518   ,   0.390515
0.929777   ,   0.866787   ,   0.70043   ,   0.314707
0.361126   ,   0.159612   ,   0.553606   ,   0.221625
0.847194   ,   0.523606   ,   0.338572   ,   0.76455
0.821528   ,   0.875301   ,   0.394818   ,   0.937864
0.78222   ,   0.475082   ,   0.157903   ,   0.732047
0.205634   ,   0.253609   ,   0.0766625   ,   0.746605
0.649037   ,   0.0569475   ,   0.186071   ,   0.993591
0.786645   ,   0.112522   ,   0.291482   ,   0.434828
0.64388   ,   0.401959   ,   0.0822474   ,   0.902005
0.742027   ,   0.106113   ,   0.665822   ,   0.615558
0.498062   ,   0.953551   ,   0.716941   ,   0.166326
0.398358   ,   0.999908   ,   0.6498   ,   0.829554
0.732658   ,   0.190374   ,   0.617603   ,   0.222816
0.502609   ,   0.844478   ,   0.840175   ,   0.405683
0.739036   ,   0.0624714   ,   0.0187078   ,   0.735466
0.296701   ,   0.796991   ,   0.771996   ,   0.712058
0.605548   ,   0.140141   ,   0.662557   ,   0.581195
0.88525   ,   0.833491   ,   0.988464   ,   0.986694
0.471908   ,   0.996643   ,   0.171758   ,   0.00228889
0.801416   ,   0.0428785   ,   0.177282   ,   0.946196
0.944456   ,   0.00161748   ,   0.878506   ,   0.581378
0.420942   ,   0.218848   ,   0.96878   ,   0.458571
0.873745   ,   0.628071   ,   0.574969   ,   0.429273
0.571215   ,   0.693991   ,   0.249702   ,   0.358226
0.703238   ,   0.687582   ,   0.871883   ,   0.604297
0.957549   ,   0.417341   ,   0.186773   ,   0.598865
0.772546   ,   0.74221   ,   0.835994   ,   0.422468
0.507401   ,   0.787072   ,   0.192022   ,   0.0134587
0.522385   ,   0.408246   ,   0.456618   ,   0.103153
0.0407117   ,   0.335643   ,   0.43379   ,   0.601062
0.629292   ,   0.50618   ,   0.382305   ,   0.241646
0.432478   ,   0.659322   ,   0.81811   ,   0.111667
0.817652   ,   0.136998   ,   0.402661   ,   0.0415967
0.273568   ,   0.599109   ,   0.265664   ,   0.385388
0.584552   ,   0.907743   ,   0.449019   ,   0.193152
0.575762   ,   0.255989   ,   0.213965   ,   0.0332041
0.448408   ,   0.812098   ,   0.577197   ,   0.880581
0.93582   ,   0.571245   ,   0.20426   ,   0.262856
0.725578   ,   0.821528   ,   0.600116   ,   0.762322
0.396741   ,   0.557237   ,   0.799676   ,   0.566698
0.372692   ,   0.180883   ,   0.884884   ,   0.0203253
0.643941   ,   0.445845   ,   0.54207   ,   0.234352
0.230445   ,   0.85815   ,   0.438887   ,   0.841609
0.77749   ,   0.655507   ,   0.822352   ,   0.849544
0.194678   ,   0.693258   ,   0.912778   ,   0.103824
0.333964   ,   0.192267   ,   0.0319834   ,   0.705435
0.545579   ,   0.652974   ,   0.664327   ,   0.710837
0.115635   ,   0.514328   ,   0.812525   ,   0.0525834
0.0110172   ,   0.349681   ,   0.687002   ,   0.0876492
0.347453   ,   0.635701   ,   0.242744   ,   0.898709
0.252449   ,   0.750542   ,   0.129246   ,   0.925413
0.348949   ,   0.940153   ,   0.0343944   ,   0.340373
0.462172   ,   0.910947   ,   0.446577   ,   0.486709
0.902158   ,   0.453322   ,   0.861843   ,   0.744499
0.780145   ,   0.740745   ,   0.0568255   ,   0.768975
0.44264   ,   0.798364   ,   0.461654   ,   0.137577
0.395093   ,   0.375195   ,   0.841609   ,   0.699118
0.729026   ,   0.36787   ,   0.726859   ,   0.531358
0.61977   ,   0.803644   ,   0.0714133   ,   0.427045
0.371014   ,   0.0044557   ,   0.309519   ,   0.233924
0.0436415   ,   0.129063   ,   0.460829   ,   0.817316
0.156346   ,   0.319559   ,   0.866726   ,   0.0977203
0.197272   ,   0.318247   ,   0.20014   ,   0.537431
0.124332   ,   0.322245   ,   0.655416   ,   0.757714
0.132633   ,   0.678762   ,   0.0962554   ,   0.831813
0.422285   ,   0.897885   ,   0.33372   ,   0.845515
0.0604572   ,   0.692404   ,   0.501419   ,   0.273598
0.772668   ,   0.499466   ,   0.177953   ,   0.550035
0.812128   ,   0.367229   ,   0.649892   ,   0.633839
0.497208   ,   0.814386   ,   0.107944   ,   0.357524
0.536851   ,   0.069277   ,   0.476791   ,   0.618091
0.116947   ,   0.773003   ,   0.546953   ,   0.970641
0.827754   ,   0.984558   ,   0.0893277   ,   0.7228
0.899625   ,   0.881069   ,   0.153569   ,   0.865383
0.981017   ,   0.0302133   ,   0.422712   ,   0.729911
0.666524   ,   0.118198   ,   0.0469069   ,   0.190039
0.0254219   ,   0.132054   ,   0.818323   ,   0.0169378
0.588549   ,   0.10416   ,   0.255226   ,   0.308298
0.820948   ,   0.105411   ,   0.141942   ,   0.435987
0.334727   ,   0.973418   ,   0.0372021   ,   0.594134
0.732261   ,   0.380627   ,   0.741295   ,   0.357006
0.507614   ,   0.746178   ,   0.790948   ,   0.274026
0.42375   ,   0.52617   ,   0.661733   ,   0.653432
0.0106204   ,   0.141636   ,   0.97409   ,   0.381146
0.557909   ,   0.172308   ,   0.811304   ,   0.328318
0.55031   ,   0.717948   ,   0.83169   ,   0.411695
0.496109   ,   0.861019   ,   0.109439   ,   0.939207
0.912809   ,   0.513443   ,   0.954283   ,   0.867031
0.331797   ,   0.547166   ,   0.80105   ,   0.522843
0.274117   ,   0.265358   ,   0.370403   ,   0.826716
0.729423   ,   0.775262   ,   0.0731529   ,   0.833033
0.375561   ,   0.38435   ,   0.0129398   ,   0.364696
0.324564   ,   0.243934   ,   0.707053   ,   0.705344
0.545061   ,   0.795526   ,   0.611194   ,   0.614093
0.990966   ,   0.677114   ,   0.859035   ,   0.382366
0.90112   ,   0.141606   ,   0.976379   ,   0.234138
0.217811   ,   0.765374   ,   0.316843   ,   0.788476
0.254616   ,   0.306436   ,   0.893307   ,   0.557787
0.298105   ,   0.553148   ,   0.844417   ,   0.169469
0.861629   ,   0.382519   ,   0.027253   ,   0.426527
0.121921   ,   0.14832   ,   0.637135   ,   0.325632
0.890255   ,   0.701926   ,   0.0309458   ,   0.277261
0.232032   ,   0.149754   ,   0.583026   ,   0.99649
0.883267   ,   0.995544   ,   0.014771   ,   0.0534379
0.549669   ,   0.845119   ,   0.089816   ,   0.927671
0.240455   ,   0.771905   ,   0.35081   ,   0.602771
0.947111   ,   0.156163   ,   0.818232   ,   0.885067
0.442885   ,   0.235511   ,   0.0394604   ,   0.0132756
0.750542   ,   0.622669   ,   0.881741   ,   0.509445
0.0161748   ,   0.120334   ,   0.207465   ,   0.459975
0.432173   ,   0.546068   ,   0.0607318   ,   0.54677
0.709067   ,   0.324686   ,   0.344829   ,   0.204962
0.313059   ,   0.885372   ,   0.454421   ,   0.772973
0.669149   ,   0.821711   ,   0.259194   ,   0.0461135
0.180242   ,   0.733299   ,   0.887295   ,   0.980407
0.158422   ,   0.609699   ,   0.0472732   ,   0.361278
0.440779   ,   0.328013   ,   0.420362   ,   0.833033
0.188849   ,   0.0869778   ,   0.284249   ,   0.57799
0.922483   ,   0.69863   ,   0.61565   ,   0.352306
0.998535   ,   0.807031   ,   0.73455   ,   0.0322275
0.808252   ,   0.325144   ,   0.89169   ,   0.39143
0.159429   ,   0.720939   ,   0.81988   ,   0.39375
0.58269   ,   0.743217   ,   0.513718   ,   0.816614
0.928831   ,   0.367321   ,   0.465041   ,   0.750389
0.403577   ,   0.962767   ,   0.607654   ,   0.366863
0.857387   ,   0.651448   ,   0.404431   ,   0.689291
0.109317   ,   0.0252083   ,   0.197241   ,   0.430555
0.270608   ,   0.490158   ,   0.198614   ,   0.90875
0.263283   ,   0.119144   ,   0.76751   ,   0.385388
0.67156   ,   0.312449   ,   0.704611   ,   0.670766
0.340159   ,   0.536241   ,   0.373699   ,   0.822382
0.997528   ,   0.820521   ,   0.190161   ,   0.382977
0.506272   ,   0.500656   ,   0.974151   ,   0.0390637
0.62685   ,   0.161718   ,   0.30842   ,   0.404218
0.556566   ,   0.673116   ,   0.588122   ,   0.766869
0.697348   ,   0.357921   ,   0.377453   ,   0.429151
0.572497   ,   0.038667   ,   0.195959   ,   0.318186
0.292306   ,   0.114475   ,   0.465651   ,   0.144017
0.883694   ,   0.0616169   ,   0.126865   ,   0.325846
0.997253   ,   0.610096   ,   0.294412   ,   0.887814
0.073336   ,   0.554399   ,   0.152043   ,   0.123508
0.8558   ,   0.174474   ,   0.556597   ,   0.420698
0.192267   ,   0.788781   ,   0.736167   ,   0.708975
0.482528   ,   0.521653   ,   0.54088   ,   0.22602
0.159459   ,   0.0972625   ,   0.0276498   ,   0.265023
0.645253   ,   0.0433668   ,   0.570879   ,   0.670003
0.659047   ,   0.69924   ,   0.310953   ,   0.511765
0.641377   ,   0.209571   ,   0.340465   ,   0.448897
0.81225   ,   0.863643   ,   0.926084   ,   0.853175
0.879055   ,   0.990143   ,   0.376934   ,   0.684255
0.641072   ,   0.912412   ,   0.21128   ,   0.486618
0.865749   ,   0.0366527   ,   0.217231   ,   0.410932
0.965636   ,   0.101566   ,   0.962859   ,   0.488784
0.925779   ,   0.761193   ,   0.0639973   ,   0.667135
0.0213019   ,   0.216803   ,   0.361217   ,   0.503464
0.040437   ,   0.0539567   ,   0.323222   ,   0.559557
0.864071   ,   0.908475   ,   0.409131   ,   0.158391
0.85522   ,   0.813044   ,   0.137638   ,   0.173254
0.680929   ,   0.49733   ,   0.787774   ,   0.856014
0.751305   ,   0.343699   ,   0.447127   ,   0.641041
0.56328   ,   0.327158   ,   0.789819   ,   0.240669
0.561418   ,   0.648335   ,   0.849757   ,   0.713767
0.254494   ,   0.852016   ,   0.75512   ,   0.569933
0.643513   ,   0.293741   ,   0.236244   ,   0.401105
0.979461   ,   0.647572   ,   0.343181   ,   0.53032
0.239448   ,   0.536637   ,   0.444899   ,   0.309153
0.825312   ,   0.554643   ,   0.151036   ,   0.869381
0.962004   ,   0.335215   ,   0.662404   ,   0.810419
0.394024   ,   0.319193   ,   0.748131   ,   0.686117
0.496841   ,   0.401288   ,   0.603809   ,   0.770684
0.715812   ,   0.519242   ,   0.281594   ,   0.457778
0.804407   ,   0.173803   ,   0.263192   ,   0.847011
0.81933   ,   0.381573   ,   0.52504   ,   0.00881985
radH 10 radV 7
shape 2
800 speckles in total